5	50	1
0	40	50	0	0	1236	0	0	0
1	45	68	-10	912	967	90	11	0
2	45	70	-20	825	870	90	6	0
4	42	68	-10	727	782	90	9	0
5	42	65	10	15	67	90	0	7
6	40	69	20	621	702	90	0	2
7	40	66	-10	170	225	90	5	0
8	38	68	20	255	324	90	0	10
9	38	70	10	534	605	90	0	4
10	35	66	-20	357	410	90	8	0
11	35	69	10	448	505	90	0	1
12	25	85	-20	652	721	90	18	0
13	22	75	30	30	92	90	0	17
14	22	85	-40	567	620	90	16	0
15	20	80	-10	384	429	90	19	0
16	20	85	40	475	528	90	0	14
17	18	75	-30	99	148	90	13	0
18	15	75	20	179	254	90	0	12
19	15	80	10	278	345	90	0	15
20	30	50	10	10	73	90	0	24
21	30	52	-10	914	965	90	30	0
22	28	52	-20	812	883	90	28	0
24	25	50	-10	65	144	90	20	0
25	25	52	40	169	224	90	0	27
26	25	55	-10	622	701	90	29	0
27	23	52	-40	261	316	90	25	0
28	23	55	20	546	593	90	0	22
29	20	50	10	358	405	90	0	26
30	20	55	10	449	504	90	0	21
31	10	35	-30	200	237	90	32	0
32	10	40	30	31	100	90	0	31
33	8	40	40	87	158	90	0	37
34	8	45	-30	751	816	90	38	0
35	5	35	10	283	344	90	0	39
37	2	40	-40	383	434	90	33	0
38	0	40	30	479	522	90	0	34
39	0	45	-10	567	624	90	35	0
40	35	30	-20	264	321	90	42	0
41	35	32	-10	166	235	90	43	0
42	33	32	20	68	149	90	0	40
43	33	35	10	16	80	90	0	41